2025 3 2
2035 3 5
2049 3 3
2055 3 3
2062 3 1
2087 3 4
2093 3 7
2097 3 6
2108 3 4
2132 3 3
2137 3 1
2150 3 2
2153 3 2
2157 3 1
2174 3 1
1581 3 2
1586 3 2
1607 3 1
1629 3 2
1632 3 3
1664 3 2
1667 3 2
1686 3 7
1726 3 6
1737 3 2
1768 3 2
1781 3 2
1803 3 2
1842 3 6
1846 3 5
1853 3 8
1859 3 7
1868 3 1
1871 3 1
1873 3 1
1898 3 2
1941 3 4
2000 3 6
2017 3 5
2023 3 1
1024 3 2
1120 3 3
1141 3 9
1168 3 1
1222 3 3
1234 3 2
1235 3 2
1237 3 3
1238 3 2
1239 3 2
1241 3 2
1243 3 3
1248 3 2
1249 3 2
1253 3 2
1254 3 3
1255 3 2
1257 3 3
1262 3 2
1263 3 2
1272 3 2
1273 3 2
1276 3 3
1277 3 2
1278 3 3
