1982 8 5
1991 8 4
2043 8 5
2045 8 3
2083 8 7
2094 8 9
2104 8 5
2158 8 1
1497 8 9
1504 8 7
1549 8 4
1560 8 5
1571 8 7
1613 8 4
1631 8 3
1646 8 8
1651 8 6
1665 8 6
1679 8 4
1693 8 5
1721 8 2
1730 8 6
1748 8 8
1783 8 4
1797 8 3
1818 8 6
1825 8 4
1834 8 3
1844 8 6
1857 8 5
1875 8 1
1938 8 4
1971 8 4
1039 8 2
1102 8 8
1108 8 7
1124 8 3
1126 8 9
1137 8 6
1204 8 5
1223 8 5
1268 8 9
1291 8 4
1292 8 4
1293 8 5
1294 8 5
1295 8 4
1296 8 6
1315 8 8
1336 8 8
1345 8 7
1358 8 8
1370 8 7
1411 8 7
1446 8 8
1455 8 7
1464 8 4
1468 8 7
