1026 2 2
1030 2 3
1031 2 4
1032 2 4
1086 2 4
1087 2 1
1089 2 2
1090 2 6
1091 2 2
1092 2 8
1103 2 1
1104 2 3
1105 2 2
1107 2 3
1109 2 9
1121 2 3
1122 2 6
1125 2 4
1127 2 6
1129 2 2
1130 2 9
1136 2 3
1138 2 5
1139 2 9
1140 2 3
1404 2 4
1407 2 3
1410 2 2
1414 2 2
1418 2 7
1419 2 2
1420 2 4
1421 2 7
1426 2 2
1428 2 2
1431 2 4
1437 2 1
1438 2 4
1440 2 5
1441 2 2
1443 2 4
1445 2 3
1453 2 6
1459 2 3
1460 2 8
1467 2 1
1470 2 6
1471 2 2
1472 2 3
1480 2 4
1699 2 3
1708 2 2
1710 2 2
1712 2 5
1714 2 5
1715 2 2
1716 2 5
1717 2 5
1718 2 5
1719 2 3
1728 2 1
1731 2 4
1732 2 3
1739 2 2
1741 2 1
1743 2 1
1750 2 3
1753 2 8
1755 2 2
1758 2 3
1765 2 1
1769 2 1
1770 2 3
1771 2 3
1772 2 3
1779 2 1
1780 2 4
1786 2 2
1787 2 1
1791 2 2
1793 2 2
1794 2 1
1796 2 1
1800 2 2
1802 2 1
1808 2 2
1809 2 4
1811 2 3
1814 2 3
1816 2 2
1817 2 5
1820 2 4
1824 2 5
1832 2 2
1836 2 1
1840 2 2
1845 2 1
1849 2 1
1867 2 1
1870 2 2
1147 2 3
1171 2 2
1192 2 2
1196 2 2
1206 2 3
1209 2 3
1216 2 1
1217 2 2
1218 2 2
1225 2 3
1228 2 3
1245 2 2
1246 2 3
1250 2 2
1266 2 3
1267 2 2
1271 2 4
1285 2 3
1290 2 4
1300 2 2
1311 2 4
1318 2 2
1320 2 6
1321 2 4
1327 2 3
1483 2 3
1486 2 2
1495 2 2
1496 2 6
1508 2 6
1514 2 3
1515 2 2
1518 2 6
1521 2 3
1528 2 7
1532 2 3
1533 2 2
1536 2 1
1540 2 2
1542 2 1
1546 2 1
1547 2 1
1553 2 2
1558 2 2
1559 2 2
1561 2 2
1569 2 2
1573 2 2
1574 2 1
1575 2 4
1329 2 1
1331 2 6
1333 2 7
1337 2 4
1339 2 9
1342 2 3
1343 2 6
1349 2 7
1351 2 3
1357 2 3
1359 2 7
1360 2 4
1361 2 4
1363 2 4
1366 2 2
1368 2 3
1369 2 7
1374 2 4
1375 2 2
1378 2 6
1379 2 2
1383 2 2
1387 2 1
1397 2 1
1403 2 5
1576 2 4
1578 2 1
1583 2 3
1585 2 1
1588 2 1
1591 2 1
1593 2 2
1609 2 2
1612 2 1
1615 2 2
1618 2 1
1619 2 4
1622 2 3
1627 2 3
1638 2 5
1639 2 2
1652 2 2
1657 2 2
1663 2 3
1670 2 6
1676 2 2
1678 2 8
1680 2 2
1684 2 3
1691 2 5
1920 2 5
1932 2 4
1934 2 3
1935 2 4
1936 2 2
1937 2 6
1939 2 8
1940 2 2
1942 2 5
1943 2 1
1945 2 1
1947 2 5
1953 2 1
1964 2 2
1965 2 2
1966 2 3
1975 2 5
1980 2 1
1981 2 5
1986 2 5
1987 2 1
1997 2 3
1998 2 1
2004 2 1
2005 2 2
1876 2 2
1877 2 2
1879 2 5
1880 2 5
1881 2 5
1882 2 5
1883 2 5
1884 2 5
1885 2 5
1886 2 5
1887 2 5
1888 2 5
1889 2 5
1890 2 5
1891 2 5
1893 2 1
1895 2 1
1896 2 2
1899 2 3
1901 2 1
1906 2 5
1916 2 5
1917 2 5
1918 2 5
1919 2 5
2008 2 5
2009 2 8
2010 2 7
2011 2 6
2012 2 5
2013 2 4
2014 2 6
2015 2 6
2016 2 2
2019 2 4
2021 2 2
2030 2 2
2037 2 1
2040 2 4
2041 2 2
2051 2 2
2054 2 5
2058 2 1
2070 2 4
2078 2 5
2090 2 3
2102 2 3
2116 2 2
2123 2 4
2125 2 5
2134 2 2
2138 2 2
2141 2 4
2142 2 3
2144 2 1
2151 2 2
2156 2 3
2171 2 2
2175 2 1
2178 2 1
2179 2 2
2187 2 5
2188 2 5
2189 2 5
2191 2 5
2192 2 5
2193 2 5
2194 2 5
2195 2 5
2196 2 5
2197 2 5
2198 2 5
2199 2 5
2200 2 5
2201 2 5
2202 2 5
2205 2 5
2206 2 5
2207 2 5
2208 2 5
2209 2 5
2210 2 5
2211 2 5
2212 2 5
2213 2 5
2214 2 5
2215 2 5
2216 2 5
