1027 6 7
1029 6 2
1033 6 4
1034 6 5
1054 6 5
1055 6 4
1058 6 7
1084 6 3
1106 6 8
1166 6 5
1203 6 4
1210 6 5
1224 6 6
1226 6 6
1229 6 7
1231 6 6
1265 6 5
1269 6 6
1282 6 9
1283 6 9
1286 6 4
1288 6 4
1299 6 7
1310 6 3
1312 6 6
1645 6 3
1648 6 3
1649 6 3
1654 6 5
1659 6 7
1661 6 2
1666 6 5
1672 6 3
1681 6 5
1682 6 1
1685 6 3
1687 6 7
1689 6 5
1690 6 5
1700 6 5
1707 6 5
1720 6 8
1727 6 6
1744 6 5
1767 6 3
1775 6 3
1777 6 3
1784 6 4
1788 6 5
1798 6 5
1319 6 6
1325 6 9
1350 6 6
1354 6 8
1365 6 6
1372 6 6
1395 6 8
1396 6 4
1408 6 6
1412 6 7
1416 6 5
1432 6 8
1473 6 6
1474 6 6
1475 6 5
1485 6 6
1487 6 2
1493 6 7
1494 6 7
1509 6 5
1510 6 8
1513 6 7
1517 6 5
1522 6 4
1524 6 3
1543 6 5
1545 6 5
1565 6 9
1579 6 5
1590 6 3
1595 6 3
1596 6 5
1597 6 5
1598 6 5
1599 6 5
1600 6 5
1601 6 5
1602 6 5
1603 6 5
1604 6 5
1605 6 5
1606 6 5
1608 6 2
1611 6 3
1614 6 3
1616 6 5
1636 6 4
1637 6 5
1642 6 4
1643 6 3
1810 6 10
1822 6 5
1833 6 5
1838 6 4
1843 6 5
1852 6 4
1860 6 4
1878 6 2
1892 6 3
1900 6 4
1905 6 3
1912 6 1
1913 6 4
1922 6 4
1927 6 4
1970 6 4
1976 6 5
1978 6 8
1996 6 4
2024 6 4
2026 6 3
2027 6 2
2036 6 3
2042 6 5
2050 6 3
2052 6 7
2053 6 6
2072 6 4
2080 6 3
2089 6 3
2095 6 3
2099 6 5
2105 6 5
2106 6 4
2109 6 4
2113 6 6
2115 6 5
2119 6 4
2124 6 4
2169 6 4
2181 6 3
2183 6 5
