2059 1 1
2060 1 1
2061 1 1
2126 1 1
2139 1 1
2140 1 1
2143 1 1
2146 1 1
2147 1 1
2152 1 1
2159 1 1
2160 1 1
2161 1 1
2162 1 1
2163 1 1
2164 1 1
2165 1 1
2166 1 1
2167 1 1
2168 1 1
2172 1 1
2176 1 1
1040 1 1
1041 1 1
1042 1 1
1043 1 1
1044 1 1
1045 1 1
1046 1 1
1047 1 1
1048 1 1
1049 1 1
1050 1 1
1051 1 1
1052 1 1
1059 1 1
1060 1 1
1061 1 1
1064 1 1
1065 1 1
1066 1 1
1067 1 1
1070 1 1
1071 1 1
1072 1 1
1073 1 1
1074 1 1
1865 1 1
1866 1 1
1914 1 1
1921 1 1
1924 1 1
1929 1 1
1930 1 1
1933 1 1
1957 1 1
1958 1 1
1959 1 1
1960 1 1
1961 1 1
1962 1 1
1963 1 1
1973 1 1
1983 1 1
1984 1 1
1985 1 1
2003 1 1
2006 1 1
2028 1 1
2029 1 1
2031 1 1
2057 1 1
1146 1 1
1149 1 1
1150 1 1
1151 1 1
1153 1 1
1154 1 1
1155 1 1
1156 1 1
1157 1 1
1158 1 1
1159 1 1
1160 1 2
1164 1 1
1165 1 1
1172 1 1
1173 1 1
1174 1 1
1175 1 1
1176 1 1
1177 1 1
1178 1 1
1179 1 1
1180 1 1
1181 1 1
1182 1 1
1183 1 1
1184 1 1
1185 1 1
1186 1 1
1187 1 1
1188 1 1
1189 1 1
1190 1 1
1435 1 1
1478 1 1
1534 1 1
1541 1 1
1557 1 1
1564 1 1
1589 1 1
1759 1 1
1789 1 1
1827 1 1
1828 1 1
1837 1 1
1847 1 1
1848 1 1
1855 1 2
1858 1 1
1864 1 1
1075 1 1
1078 1 1
1079 1 1
1080 1 1
1094 1 1
1095 1 1
1096 1 1
1097 1 1
1098 1 1
1099 1 1
1101 1 1
1113 1 1
1114 1 1
1115 1 1
1116 1 1
1117 1 1
1118 1 1
1131 1 1
1132 1 1
1133 1 1
1134 1 1
1142 1 1
1143 1 1
1144 1 1
1145 1 1
1001 1 1
1002 1 1
1003 1 1
1004 1 1
1005 1 1
1006 1 1
1007 1 1
1008 1 1
1009 1 1
1010 1 1
1011 1 1
1012 1 1
1013 1 1
1014 1 1
1015 1 1
1016 1 1
1017 1 1
1018 1 1
1019 1 1
1020 1 1
1021 1 1
1035 1 1
1036 1 1
1037 1 1
1038 1 1
