1289 5 4
1297 5 7
1304 5 2
1306 5 2
1307 5 3
1308 5 3
1309 5 2
1316 5 6
1323 5 2
1324 5 7
1338 5 5
1346 5 6
1347 5 5
1352 5 6
1353 5 6
1371 5 6
1376 5 5
1380 5 4
1381 5 5
1390 5 7
1392 5 5
1393 5 2
1398 5 3
1399 5 5
1400 5 3
1028 5 2
1093 5 5
1161 5 1
1163 5 5
1169 5 1
1170 5 1
1193 5 3
1197 5 1
1198 5 1
1199 5 2
1202 5 4
1212 5 2
1213 5 4
1214 5 2
1219 5 4
1220 5 3
1221 5 2
1230 5 7
1232 5 6
1233 5 6
1240 5 1
1247 5 2
1264 5 5
1279 5 4
1280 5 6
2076 5 4
2084 5 2
2096 5 6
2100 5 3
2101 5 5
2107 5 3
2114 5 5
2129 5 3
2133 5 6
2135 5 2
2145 5 3
2148 5 4
2149 5 1
2154 5 2
2170 5 1
2177 5 2
2180 5 2
2204 5 5
1570 5 5
1572 5 4
1577 5 3
1580 5 2
1582 5 1
1620 5 1
1623 5 2
1624 5 6
1625 5 8
1626 5 5
1630 5 4
1634 5 3
1635 5 3
1641 5 3
1644 5 4
1647 5 3
1650 5 2
1656 5 8
1658 5 5
1660 5 5
1662 5 4
1674 5 6
1688 5 5
1694 5 5
1697 5 2
1703 5 5
1705 5 3
1722 5 3
1729 5 1
1734 5 5
1735 5 6
1736 5 7
1745 5 4
1754 5 6
1756 5 4
1760 5 1
1761 5 1
1776 5 3
1785 5 3
1795 5 1
1801 5 6
1805 5 1
1807 5 3
1812 5 5
1815 5 1
1819 5 5
1829 5 3
1830 5 3
1831 5 4
1839 5 4
1841 5 6
1869 5 1
1872 5 2
1904 5 5
1909 5 2
1926 5 4
1946 5 3
1949 5 8
1967 5 3
1968 5 4
1969 5 5
1989 5 4
1990 5 4
1992 5 4
1995 5 5
1999 5 2
2001 5 4
2007 5 7
2033 5 2
2034 5 5
2044 5 2
2063 5 2
2066 5 3
2068 5 4
2069 5 3
1422 5 5
1429 5 4
1433 5 5
1434 5 6
1436 5 1
1444 5 2
1450 5 4
1457 5 2
1465 5 4
1481 5 7
1484 5 7
1488 5 5
1492 5 4
1501 5 5
1505 5 5
1512 5 3
1526 5 8
1531 5 5
1537 5 5
1544 5 5
1554 5 3
1555 5 1
1563 5 6
1567 5 3
1568 5 3
