2081 7 6
2082 7 7
2085 7 5
2086 7 6
2088 7 5
2098 7 8
2103 7 4
2112 7 5
2117 7 5
2118 7 3
2121 7 6
2127 7 6
2128 7 8
2130 7 4
2131 7 4
2155 7 6
2173 7 5
2182 7 3
2184 7 6
2190 7 5
1298 7 7
1302 7 7
1314 7 5
1317 7 5
1322 7 7
1328 7 6
1330 7 4
1334 7 8
1344 7 5
1348 7 6
1362 7 4
1384 7 7
1389 7 8
1391 7 7
1394 7 5
1402 7 6
1409 7 7
1413 7 7
1415 7 7
1417 7 6
1423 7 6
1427 7 5
1442 7 4
1447 7 6
1454 7 6
1628 7 4
1653 7 6
1655 7 4
1668 7 5
1669 7 2
1671 7 3
1675 7 7
1677 7 4
1692 7 5
1695 7 5
1698 7 7
1702 7 5
1706 7 5
1711 7 5
1713 7 5
1723 7 7
1724 7 6
1733 7 5
1738 7 3
1742 7 3
1747 7 7
1749 7 4
1751 7 4
1752 7 8
1757 7 3
1053 7 7
1056 7 4
1057 7 7
1076 7 4
1081 7 3
1082 7 4
1085 7 4
1100 7 4
1111 7 4
1123 7 5
1128 7 5
1135 7 4
1148 7 3
1152 7 3
1191 7 4
1194 7 3
1195 7 4
1200 7 4
1201 7 5
1205 7 4
1207 7 6
1208 7 6
1227 7 6
1270 7 8
1275 7 8
1461 7 7
1462 7 8
1463 7 5
1466 7 4
1469 7 4
1476 7 7
1479 7 7
1482 7 4
1489 7 8
1490 7 5
1498 7 8
1499 7 6
1502 7 6
1506 7 6
1525 7 5
1529 7 4
1539 7 4
1550 7 4
1552 7 4
1562 7 6
1584 7 6
1592 7 5
1610 7 2
1617 7 8
1621 7 5
1928 7 5
1931 7 3
1948 7 4
1950 7 7
1951 7 5
1952 7 4
1954 7 4
1955 7 3
1956 7 3
1972 7 4
1974 7 6
1977 7 4
1979 7 4
1988 7 4
1993 7 6
1994 7 4
2002 7 4
2032 7 3
2038 7 3
2039 7 5
2046 7 2
2048 7 3
2056 7 6
2073 7 5
2079 7 6
1764 7 3
1773 7 4
1774 7 5
1778 7 3
1782 7 4
1790 7 2
1792 7 5
1799 7 4
1806 7 4
1813 7 4
1821 7 5
1823 7 5
1826 7 6
1835 7 3
1850 7 6
1862 7 4
1894 7 4
1902 7 4
1903 7 4
1907 7 5
1908 7 5
1910 7 4
1915 7 7
1923 7 3
1925 7 4
